20 200
24 49 7 63 53 100 47 27 32 39 91 15 60 56 43 96 3 18 66 15
5 12 1
2 12 2
3 5 3
8 20 4
7 18 5
2 20 6
2 2 7
3 12 8
3 14 9
13 3 10
20 19 11
1 3 12
3 3 13
10 16 14
17 19 15
10 7 16
6 20 17
10 16 18
1 9 19
5 6 20
18 16 21
16 7 22
15 18 23
8 6 24
16 9 25
9 16 26
11 19 27
15 7 28
15 9 29
6 15 30
3 9 31
7 11 32
19 5 33
8 8 34
16 12 35
6 7 36
14 3 37
3 16 38
18 1 39
7 1 40
9 10 41
16 8 42
3 9 43
9 12 44
7 16 45
9 15 46
1 6 47
10 1 48
14 4 49
5 8 50
4 9 51
7 18 52
20 7 53
16 5 54
14 7 55
7 6 56
3 4 57
15 9 58
7 20 59
7 10 60
1 5 61
15 14 62
9 3 63
18 19 64
13 6 65
20 2 66
6 9 67
2 11 68
18 1 69
18 2 70
18 17 71
15 11 72
20 12 73
10 15 74
2 18 75
19 4 76
1 12 77
4 3 78
9 18 79
5 8 80
12 14 81
11 12 82
20 9 83
5 20 84
10 9 85
16 6 86
11 7 87
8 7 88
3 8 89
7 3 90
20 6 91
15 5 92
10 16 93
9 3 94
3 8 95
14 12 96
4 19 97
10 11 98
1 12 99
17 10 100
15 12 101
7 19 102
5 3 103
7 19 104
5 3 105
3 3 106
18 19 107
5 17 108
15 3 109
7 5 110
3 5 111
12 11 112
12 16 113
3 16 114
1 15 115
20 15 116
16 2 117
18 19 118
15 1 119
13 12 120
4 16 121
17 3 122
15 4 123
4 6 124
15 11 125
3 2 126
19 10 127
13 13 128
20 4 129
10 17 130
5 18 131
10 2 132
15 20 133
16 3 134
13 15 135
15 15 136
18 6 137
8 10 138
9 15 139
4 14 140
16 1 141
5 13 142
5 3 143
18 16 144
1 17 145
3 1 146
14 16 147
5 12 148
4 19 149
10 7 150
7 9 151
12 19 152
6 12 153
14 7 154
9 10 155
6 15 156
8 8 157
18 7 158
8 18 159
18 10 160
10 12 161
10 8 162
13 3 163
11 15 164
11 11 165
5 17 166
5 10 167
15 5 168
1 18 169
2 19 170
19 14 171
1 4 172
15 10 173
15 4 174
10 2 175
15 13 176
9 6 177
3 7 178
8 13 179
10 5 180
6 1 181
10 5 182
6 11 183
19 19 184
19 20 185
17 5 186
20 4 187
15 1 188
14 3 189
14 16 190
6 15 191
20 18 192
8 18 193
16 3 194
16 13 195
5 3 196
9 4 197
9 6 198
13 16 199
10 8 200
