100 1000
49 80
17 50
23 84
19 79
43 21
15 30
17 68
17 39
20 98
19 26
50 63
7 25
45 5
12 7
12 22
17 17
28 90
46 76
31 2
36 87
49 65
46 94
32 77
7 35
43 58
29 24
38 59
4 6
1 32
47 49
12 66
22 43
28 44
43 41
49 79
46 39
49 21
31 36
16 91
17 74
33 66
20 66
12 93
18 59
33 69
42 56
7 54
17 4
8 4
12 46
22 21
12 79
18 95
49 78
18 27
31 50
47 3
31 20
13 22
33 21
40 26
27 32
49 34
21 67
16 100
21 22
1 97
43 36
13 31
17 38
19 60
50 38
42 53
42 44
46 83
43 7
31 81
31 74
26 38
28 44
31 69
39 29
17 87
20 77
16 11
13 95
12 17
13 23
26 67
12 32
12 39
6 9
44 51
1 9
12 85
42 96
15 79
20 87
42 62
47 51

4 11
2 3
5 6
2 1
3 2

