80
532
57 1
58 55
70 30
38 10
10 11
80 51
61 7
68 42
57 23
21 35
60 75
16 12
28 40
46 38
79 39
77 25
46 78
23 10
50 62
6 14
74 67
7 13
27 30
22 45
20 64
17 8
69 78
80 37
11 25
47 79
60 29
7 73
40 42
69 38
50 74
15 76
26 21
26 18
61 17
32 27
27 80
73 30
39 64
44 9
60 61
40 15
36 56
64 79
31 53
33 19
31 22
76 2
75 8
63 58
74 31
51 7
48 38
37 32
32 80
70 52
32 47
5 35
54 75
34 63
29 61
51 27
13 54
19 1
38 78
45 56
21 5
43 13
38 42
10 16
41 57
57 2
30 32
46 14
12 14
6 57
64 3
56 21
17 29
45 62
68 16
72 13
37 9
78 6
53 26
40 25
64 52
41 15
26 5
76 23
7 75
39 25
47 71
32 9
37 73
49 56
11 33
49 34
36 58
10 57
15 11
36 55
80 73
9 3
71 28
14 69
51 59
40 41
26 31
78 50
41 38
44 17
51 44
49 65
78 18
2 42
62 12
42 23
28 25
18 74
33 15
23 2
59 3
73 3
48 46
35 58
56 5
51 8
6 31
25 76
17 7
50 18
75 17
72 60
64 37
42 76
66 26
39 19
45 66
77 76
58 34
59 37
13 8
68 2
60 13
6 18
15 42
20 70
29 43
2 69
1 40
13 44
55 26
31 14
79 28
8 3
41 10
39 30
44 60
79 70
33 77
31 45
4 79
18 46
21 34
39 20
12 45
42 41
68 41
41 2
80 9
62 22
10 42
48 6
20 3
43 24
37 51
44 7
62 53
55 66
4 70
76 19
69 41
25 4
16 57
44 54
33 25
11 28
15 57
43 8
46 16
12 31
46 57
36 34
23 38
43 75
49 63
40 10
40 71
76 1
20 4
11 77
14 78
27 52
22 50
68 46
66 21
28 15
71 11
36 67
59 17
41 1
67 26
40 11
17 51
26 56
45 26
20 37
17 54
4 28
79 20
69 12
45 50
17 60
22 18
53 67
63 65
75 51
10 15
70 27
8 24
39 28
40 79
27 3
74 62
52 80
58 5
67 49
79 52
39 71
73 32
51 3
12 22
22 46
70 39
8 7
31 66
73 64
59 9
55 21
79 11
56 53
73 8
4 27
1 23
69 57
47 4
11 39
9 73
8 60
39 4
18 48
19 15
72 54
74 45
56 62
45 55
28 47
63 35
49 35
67 58
18 14
72 29
23 68
54 61
10 33
29 13
27 47
24 9
45 53
78 16
35 34
38 6
59 75
72 43
26 50
77 19
18 62
65 34
46 12
9 75
57 68
69 6
74 26
55 53
49 21
1 42
19 10
48 14
4 64
57 78
4 52
16 48
28 76
77 40
54 60
10 76
3 24
1 15
60 43
77 39
66 62
46 69
41 23
80 24
74 53
59 8
48 78
55 67
1 11
48 31
53 66
72 61
19 70
1 33
25 52
70 77
68 12
75 61
73 59
67 62
29 54
41 16
76 11
69 68
5 74
31 50
59 43
22 69
12 50
55 74
8 44
58 21
80 59
17 72
48 50
16 6
33 76
77 15
27 64
49 5
39 52
48 69
42 57
80 20
56 67
23 16
28 77
20 71
24 44
38 1
39 47
22 48
68 78
2 16
5 66
79 71
71 77
30 52
25 70
68 48
46 2
49 66
31 56
20 32
47 64
14 50
14 74
36 35
32 4
45 48
3 32
59 44
50 53
14 62
64 32
66 36
23 15
28 33
35 67
13 75
59 32
36 49
73 24
53 5
45 18
38 57
16 69
30 37
24 59
9 8
9 51
75 44
47 30
65 36
2 1
37 27
51 24
25 47
65 58
44 61
76 40
24 13
32 51
19 40
26 62
4 71
79 25
50 66
6 22
36 63
23 46
58 49
42 11
5 55
6 46
19 25
30 80
37 52
47 52
50 6
7 43
80 47
26 36
7 3
59 7
43 17
63 21
28 19
24 7
19 79
65 35
5 36
79 77
51 73
43 44
71 19
53 18
14 45
2 78
27 9
8 61
22 53
67 21
48 12
28 70
69 23
63 5
43 61
71 25
19 11
36 53
20 27
43 54
22 78
7 9
13 61
41 33
63 56
36 21
78 12
20 30
30 3
30 4
31 18
47 70
2 15
23 33
52 71
42 16
73 27
5 67
66 74
44 73
24 17
24 37
4 77
33 42
21 65
12 18
17 13
75 72
76 41
71 33
74 22
80 3
10 1
68 38
20 52
1 77
66 56
10 2
20 47
32 52
75 24
31 62
3 37
65 5
67 63
2 38
55 56
68 6
22 14
70 64
64 30
9 30
55 62
6 12
80 64
38 16
40 33
55 49
14 68
67 66
55 63
74 56
7 37
70 71

