200 8000
1 2
1 3
1 4
1 6
1 9
1 10
1 12
1 13
1 14
1 16
1 17
1 19
1 20
1 21
1 22
1 24
1 25
1 28
1 30
1 31
1 33
1 35
1 36
1 38
1 41
1 49
1 50
1 52
1 53
1 56
1 63
1 64
1 65
1 66
1 68
1 70
1 72
1 73
1 74
1 75
1 81
1 84
1 85
1 91
1 92
1 94
1 96
1 97
1 105
1 106
1 107
1 109
1 110
1 113
1 114
1 117
1 118
1 119
1 120
1 122
1 123
1 124
1 125
1 126
1 129
1 130
1 132
1 133
1 135
1 136
1 138
1 140
1 143
1 144
1 147
1 151
1 154
1 155
1 156
1 157
1 160
1 162
1 163
1 165
1 169
1 170
1 183
1 186
1 187
1 189
1 191
1 196
1 199
1 200
2 3
2 8
2 9
2 13
2 14
2 15
2 16
2 20
2 23
2 24
2 25
2 26
2 27
2 28
2 30
2 32
2 33
2 34
2 35
2 36
2 37
2 39
2 41
2 43
2 45
2 46
2 47
2 51
2 52
2 58
2 59
2 60
2 61
2 62
2 64
2 69
2 71
2 72
2 75
2 76
2 77
2 81
2 82
2 85
2 87
2 89
2 90
2 92
2 93
2 96
2 98
2 99
2 100
2 102
2 103
2 109
2 113
2 117
2 120
2 121
2 126
2 133
2 136
2 138
2 139
2 140
2 142
2 143
2 144
2 145
2 146
2 147
2 148
2 149
2 152
2 154
2 158
2 160
2 161
2 164
2 166
2 168
2 177
2 182
2 183
2 184
2 191
3 4
3 5
3 6
3 7
3 8
3 9
3 12
3 13
3 14
3 15
3 16
3 18
3 22
3 23
3 27
3 29
3 30
3 31
3 33
3 37
3 38
3 39
3 41
3 51
3 59
3 60
3 61
3 64
3 67
3 68
3 73
3 75
3 76
3 77
3 82
3 83
3 85
3 86
3 87
3 88
3 92
3 93
3 97
3 98
3 102
3 104
3 105
3 110
3 112
3 113
3 114
3 115
3 117
3 122
3 124
3 129
3 131
3 132
3 133
3 134
3 135
3 137
3 140
3 142
3 147
3 149
3 153
3 155
3 157
3 159
3 162
3 163
3 164
3 165
3 168
3 171
3 172
3 173
3 177
3 178
3 180
3 182
3 193
3 194
3 195
3 197
3 198
4 12
4 14
4 16
4 18
4 19
4 23
4 24
4 27
4 30
4 31
4 32
4 34
4 37
4 39
4 40
4 41
4 42
4 43
4 44
4 45
4 47
4 48
4 49
4 50
4 53
4 55
4 57
4 60
4 63
4 66
4 69
4 70
4 71
4 73
4 74
4 80
4 82
4 84
4 85
4 87
4 90
4 91
4 94
4 95
4 101
4 102
4 108
4 110
4 112
4 115
4 120
4 121
4 124
4 125
4 126
4 130
4 131
4 132
4 139
4 140
4 143
4 145
4 148
4 149
4 151
4 152
4 155
4 156
4 157
4 158
4 160
4 162
4 166
4 168
4 170
4 173
4 179
4 182
4 185
4 187
4 195
4 196
5 7
5 8
5 9
5 10
5 11
5 12
5 13
5 17
5 19
5 21
5 22
5 24
5 25
5 26
5 32
5 34
5 35
5 36
5 37
5 38
5 40
5 47
5 49
5 59
5 61
5 65
5 66
5 67
5 68
5 69
5 70
5 72
5 75
5 77
5 78
5 79
5 80
5 81
5 82
5 83
5 85
5 88
5 90
5 91
5 93
5 94
5 97
5 98
5 100
5 102
5 103
5 112
5 116
5 118
5 119
5 129
5 132
5 135
5 136
5 137
5 138
5 140
5 145
5 146
5 152
5 153
5 154
5 157
5 158
5 159
5 160
5 166
5 168
5 170
5 176
5 179
5 182
5 188
5 195
5 199
6 7
6 8
6 9
6 10
6 18
6 19
6 20
6 22
6 27
6 28
6 30
6 32
6 34
6 35
6 36
6 38
6 41
6 43
6 45
6 47
6 50
6 52
6 54
6 58
6 59
6 65
6 67
6 68
6 69
6 70
6 71
6 72
6 76
6 77
6 79
6 81
6 85
6 86
6 87
6 88
6 91
6 93
6 98
6 100
6 101
6 103
6 106
6 109
6 112
6 113
6 114
6 116
6 117
6 118
6 120
6 121
6 122
6 123
6 124
6 125
6 127
6 130
6 131
6 132
6 133
6 137
6 138
6 139
6 141
6 142
6 145
6 146
6 150
6 151
6 152
6 154
6 155
6 156
6 158
6 163
6 165
6 166
6 167
6 171
6 177
6 181
6 185
6 190
6 192
6 198
7 8
7 9
7 10
7 16
7 17
7 18
7 19
7 21
7 22
7 28
7 30
7 32
7 33
7 34
7 37
7 46
7 49
7 50
7 52
7 53
7 56
7 58
7 60
7 62
7 64
7 65
7 66
7 70
7 72
7 74
7 75
7 76
7 78
7 79
7 86
7 87
7 88
7 91
7 93
7 94
7 95
7 97
7 98
7 99
7 101
7 105
7 109
7 112
7 114
7 115
7 117
7 119
7 121
7 124
7 126
7 130
7 131
7 133
7 135
7 137
7 139
7 141
7 142
7 143
7 144
7 145
7 149
7 150
7 151
7 154
7 157
7 158
7 159
7 160
7 162
7 163
7 164
7 165
7 170
7 171
7 174
7 175
7 178
7 180
7 185
7 188
7 191
7 197
7 198
8 9
8 10
8 12
8 17
8 18
8 20
8 27
8 29
8 30
8 31
8 33
8 34
8 36
8 38
8 40
8 41
8 45
8 46
8 48
8 49
8 51
8 52
8 53
8 56
8 57
8 58
8 59
8 61
8 62
8 63
8 66
8 67
8 68
8 70
8 71
8 73
8 77
8 79
8 81
8 83
8 84
8 86
8 89
8 90
8 92
8 94
8 95
8 97
8 98
8 100
8 101
8 102
8 103
8 104
8 105
8 108
8 110
8 111
8 112
8 113
8 114
8 122
8 123
8 124
8 125
8 126
8 128
8 131
8 132
8 134
8 136
8 139
8 140
8 141
8 143
8 146
8 148
8 150
8 151
8 152
8 153
8 154
8 157
8 158
8 159
8 160
8 161
8 164
8 165
8 166
8 167
8 170
8 172
8 174
8 181
8 194
8 195
8 198
9 11
9 12
9 13
9 17
9 19
9 21
9 23
9 24
9 25
9 28
9 29
9 33
9 34
9 35
9 36
9 37
9 40
9 44
9 45
9 47
9 48
9 53
9 57
9 59
9 66
9 69
9 71
9 73
9 75
9 78
9 79
9 81
9 82
9 83
9 84
9 86
9 89
9 92
9 96
9 98
9 100
9 101
9 102
9 104
9 105
9 108
9 109
9 112
9 119
9 126
9 127
9 128
9 129
9 131
9 132
9 136
9 140
9 143
9 145
9 149
9 152
9 153
9 154
9 156
9 162
9 163
9 165
9 166
9 167
9 168
9 169
9 170
9 171
9 185
9 189
9 191
10 12
10 15
10 18
10 19
10 21
10 23
10 25
10 28
10 32
10 34
10 35
10 36
10 38
10 41
10 43
10 44
10 46
10 48
10 58
10 62
10 63
10 64
10 65
10 67
10 76
10 78
10 79
10 80
10 81
10 85
10 87
10 88
10 91
10 94
10 95
10 97
10 99
10 106
10 107
10 109
10 112
10 115
10 116
10 119
10 120
10 121
10 122
10 123
10 129
10 131
10 134
10 136
10 137
10 140
10 143
10 146
10 147
10 150
10 151
10 153
10 156
10 159
10 160
10 162
10 164
10 165
10 166
10 180
10 181
10 182
10 185
10 189
10 191
10 195
10 199
11 12
11 13
11 16
11 17
11 21
11 25
11 26
11 29
11 30
11 40
11 41
11 42
11 43
11 47
11 50
11 51
11 52
11 54
11 55
11 57
11 61
11 63
11 64
11 66
11 68
11 70
11 72
11 74
11 77
11 78
11 82
11 84
11 85
11 86
11 89
11 90
11 92
11 93
11 96
11 98
11 100
11 101
11 102
11 103
11 105
11 106
11 107
11 108
11 109
11 110
11 111
11 112
11 113
11 114
11 115
11 117
11 119
11 120
11 121
11 122
11 123
11 129
11 130
11 131
11 132
11 135
11 137
11 141
11 142
11 144
11 150
11 151
11 153
11 154
11 158
11 164
11 166
11 167
11 168
11 169
11 171
11 175
11 187
11 193
11 195
12 13
12 15
12 17
12 20
12 21
12 24
12 25
12 26
12 29
12 35
12 37
12 38
12 40
12 43
12 44
12 51
12 53
12 56
12 57
12 58
12 59
12 60
12 64
12 68
12 69
12 70
12 71
12 72
12 73
12 74
12 77
12 78
12 80
12 81
12 84
12 88
12 96
12 98
12 99
12 100
12 102
12 104
12 106
12 108
12 111
12 112
12 113
12 120
12 121
12 127
12 130
12 132
12 134
12 135
12 138
12 139
12 141
12 143
12 144
12 150
12 151
12 152
12 153
12 154
12 156
12 157
12 158
12 159
12 165
12 168
12 170
12 172
12 183
12 189
12 191
12 194
12 195
12 200
13 14
13 15
13 16
13 19
13 21
13 25
13 26
13 27
13 32
13 34
13 35
13 38
13 39
13 40
13 43
13 44
13 45
13 49
13 53
13 54
13 56
13 57
13 58
13 60
13 61
13 62
13 63
13 64
13 65
13 69
13 70
13 71
13 72
13 73
13 74
13 75
13 77
13 80
13 82
13 83
13 85
13 86
13 92
13 93
13 96
13 97
13 98
13 99
13 100
13 101
13 102
13 103
13 106
13 110
13 112
13 114
13 115
13 116
13 118
13 123
13 125
13 126
13 127
13 128
13 129
13 130
13 132
13 135
13 138
13 140
13 143
13 147
13 152
13 153
13 154
13 155
13 156
13 158
13 159
13 161
13 164
13 166
13 167
13 170
13 175
13 180
13 183
13 184
13 185
13 186
13 189
13 196
14 15
14 17
14 21
14 25
14 27
14 38
14 39
14 40
14 42
14 45
14 46
14 48
14 49
14 50
14 51
14 53
14 54
14 55
14 58
14 60
14 61
14 69
14 71
14 75
14 79
14 82
14 83
14 84
14 86
14 88
14 89
14 93
14 94
14 96
14 97
14 100
14 102
14 105
14 106
14 107
14 111
14 113
14 122
14 125
14 126
14 130
14 133
14 134
14 137
14 141
14 142
14 144
14 155
14 161
14 163
14 164
14 173
14 175
14 178
14 180
14 181
14 187
14 189
14 190
14 192
14 195
14 197
14 200
15 16
15 23
15 24
15 26
15 27
15 29
15 37
15 39
15 41
15 42
15 43
15 44
15 51
15 53
15 56
15 57
15 66
15 69
15 71
15 73
15 74
15 78
15 81
15 84
15 85
15 86
15 91
15 92
15 94
15 97
15 98
15 100
15 101
15 104
15 106
15 109
15 111
15 113
15 115
15 117
15 122
15 123
15 128
15 130
15 131
15 132
15 133
15 134
15 136
15 138
15 140
15 143
15 144
15 145
15 146
15 147
15 150
15 154
15 156
15 157
15 158
15 159
15 162
15 166
15 170
15 176
15 184
15 192
15 197
16 17
16 18
16 19
16 21
16 26
16 27
16 29
16 32
16 34
16 35
16 37
16 38
16 39
16 44
16 50
16 51
16 53
16 56
16 57
16 58
16 60
16 61
16 62
16 65
16 67
16 68
16 70
16 71
16 72
16 76
16 77
16 79
16 81
16 83
16 87
16 90
16 94
16 95
16 96
16 105
16 106
16 107
16 108
16 109
16 111
16 112
16 114
16 118
16 124
16 125
16 126
16 128
16 129
16 130
16 134
16 136
16 140
16 141
16 142
16 144
16 146
16 147
16 148
16 149
16 150
16 151
16 152
16 154
16 155
16 157
16 162
16 165
16 167
16 172
16 177
16 187
16 189
16 191
16 194
16 199
17 20
17 22
17 26
17 30
17 34
17 35
17 37
17 39
17 40
17 41
17 42
17 44
17 46
17 48
17 49
17 50
17 53
17 54
17 56
17 58
17 60
17 62
17 68
17 69
17 73
17 74
17 78
17 83
17 84
17 85
17 88
17 89
17 90
17 91
17 93
17 95
17 96
17 99
17 100
17 106
17 109
17 110
17 112
17 114
17 115
17 117
17 119
17 120
17 127
17 130
17 132
17 133
17 138
17 139
17 140
17 141
17 142
17 143
17 145
17 150
17 151
17 153
17 157
17 158
17 162
17 164
17 165
17 167
17 169
17 176
17 184
17 185
17 187
17 191
17 192
17 199
18 19
18 25
18 26
18 28
18 30
18 31
18 32
18 34
18 36
18 37
18 38
18 39
18 40
18 43
18 45
18 47
18 50
18 51
18 53
18 55
18 60
18 61
18 63
18 65
18 67
18 69
18 71
18 76
18 83
18 85
18 87
18 88
18 89
18 91
18 94
18 95
18 100
18 101
18 102
18 103
18 106
18 109
18 111
18 112
18 114
18 115
18 116
18 117
18 120
18 122
18 123
18 124
18 125
18 126
18 127
18 128
18 129
18 130
18 133
18 134
18 135
18 138
18 139
18 142
18 144
18 147
18 149
18 151
18 152
18 153
18 159
18 162
18 163
18 164
18 165
18 166
18 167
18 170
18 175
18 182
18 183
18 199
19 20
19 21
19 24
19 31
19 32
19 33
19 35
19 37
19 38
19 40
19 41
19 42
19 50
19 51
19 52
19 54
19 59
19 60
19 61
19 63
19 64
19 65
19 67
19 69
19 76
19 77
19 79
19 81
19 83
19 86
19 89
19 90
19 91
19 92
19 93
19 94
19 96
19 98
19 99
19 101
19 102
19 103
19 104
19 106
19 107
19 108
19 109
19 112
19 116
19 117
19 118
19 121
19 122
19 125
19 132
19 133
19 134
19 135
19 140
19 141
19 142
19 144
19 150
19 151
19 152
19 157
19 158
19 159
19 162
19 163
19 164
19 165
19 166
19 169
19 173
19 176
19 178
19 184
19 189
19 192
20 22
20 26
20 29
20 33
20 35
20 36
20 38
20 39
20 40
20 41
20 47
20 49
20 50
20 52
20 54
20 55
20 57
20 58
20 61
20 67
20 69
20 72
20 73
20 74
20 83
20 84
20 89
20 90
20 91
20 100
20 101
20 104
20 105
20 108
20 111
20 113
20 117
20 120
20 121
20 125
20 126
20 129
20 130
20 132
20 133
20 135
20 141
20 143
20 144
20 145
20 146
20 150
20 151
20 152
20 156
20 157
20 158
20 160
20 164
20 165
20 168
20 169
20 175
20 179
20 183
20 186
20 189
20 191
20 192
20 194
20 195
20 196
21 26
21 27
21 29
21 31
21 36
21 38
21 42
21 45
21 49
21 50
21 51
21 52
21 53
21 56
21 57
21 65
21 66
21 67
21 69
21 70
21 72
21 74
21 77
21 79
21 83
21 85
21 87
21 88
21 89
21 90
21 92
21 93
21 94
21 96
21 97
21 98
21 100
21 101
21 103
21 106
21 107
21 108
21 109
21 110
21 111
21 112
21 113
21 114
21 119
21 120
21 121
21 123
21 125
21 127
21 129
21 130
21 133
21 137
21 138
21 139
21 141
21 143
21 152
21 156
21 157
21 158
21 159
21 162
21 163
21 164
21 165
21 166
21 167
21 172
21 179
21 187
21 189
21 190
21 193
21 195
21 199
22 26
22 27
22 28
22 31
22 32
22 33
22 34
22 35
22 37
22 40
22 41
22 44
22 45
22 46
22 49
22 51
22 52
22 54
22 56
22 62
22 64
22 65
22 67
22 69
22 72
22 75
22 80
22 84
22 86
22 91
22 94
22 95
22 99
22 101
22 105
22 112
22 113
22 116
22 117
22 121
22 123
22 124
22 127
22 129
22 132
22 135
22 138
22 140
22 143
22 146
22 150
22 151
22 152
22 156
22 159
22 160
22 161
22 164
22 167
22 168
22 171
22 173
22 181
22 190
22 192
22 194
22 197
23 26
23 30
23 31
23 36
23 39
23 40
23 41
23 42
23 46
23 47
23 50
23 53
23 54
23 58
23 60
23 62
23 64
23 65
23 69
23 72
23 75
23 76
23 78
23 79
23 82
23 83
23 84
23 85
23 89
23 92
23 93
23 96
23 97
23 98
23 100
23 102
23 106
23 107
23 109
23 110
23 117
23 119
23 120
23 122
23 123
23 128
23 129
23 132
23 136
23 144
23 147
23 151
23 153
23 154
23 157
23 158
23 160
23 166
23 167
23 169
23 173
23 174
23 178
23 182
23 189
23 196
23 197
24 25
24 27
24 34
24 36
24 38
24 40
24 41
24 43
24 44
24 46
24 47
24 48
24 55
24 56
24 57
24 59
24 60
24 65
24 66
24 68
24 69
24 71
24 76
24 77
24 79
24 86
24 87
24 90
24 95
24 97
24 101
24 102
24 103
24 104
24 106
24 108
24 111
24 112
24 114
24 115
24 116
24 118
24 119
24 121
24 124
24 128
24 131
24 134
24 135
24 136
24 140
24 143
24 144
24 146
24 147
24 148
24 150
24 155
24 157
24 159
24 160
24 162
24 166
24 169
24 170
24 172
24 178
24 181
24 182
24 183
24 184
24 187
24 191
24 192
24 195
24 197
24 200
25 28
25 36
25 37
25 39
25 40
25 42
25 43
25 45
25 46
25 49
25 50
25 52
25 55
25 56
25 57
25 58
25 59
25 60
25 61
25 62
25 63
25 64
25 65
25 68
25 69
25 71
25 72
25 75
25 79
25 80
25 81
25 83
25 86
25 87
25 91
25 97
25 99
25 101
25 103
25 105
25 106
25 107
25 108
25 111
25 113
25 114
25 115
25 116
25 120
25 121
25 123
25 124
25 127
25 128
25 129
25 133
25 135
25 137
25 141
25 142
25 148
25 149
25 152
25 155
25 157
25 159
25 160
25 161
25 162
25 163
25 165
25 170
25 171
25 173
25 174
25 179
25 192
25 196
25 198
26 27
26 29
26 30
26 31
26 32
26 33
26 35
26 36
26 37
26 38
26 40
26 42
26 43
26 46
26 48
26 49
26 50
26 52
26 54
26 56
26 61
26 67
26 68
26 69
26 70
26 71
26 72
26 73
26 74
26 78
26 81
26 85
26 86
26 87
26 92
26 93
26 94
26 97
26 98
26 99
26 101
26 103
26 104
26 106
26 113
26 114
26 117
26 118
26 122
26 124
26 127
26 131
26 133
26 137
26 139
26 140
26 142
26 144
26 148
26 150
26 154
26 158
26 159
26 161
26 165
26 167
26 169
26 170
26 177
26 179
26 180
26 182
26 183
26 184
26 187
26 194
26 198
27 30
27 31
27 34
27 41
27 42
27 43
27 44
27 48
27 50
27 51
27 55
27 60
27 63
27 64
27 65
27 69
27 70
27 72
27 74
27 77
27 79
27 80
27 83
27 85
27 87
27 88
27 89
27 95
27 96
27 98
27 101
27 103
27 104
27 105
27 109
27 113
27 117
27 119
27 124
27 125
27 126
27 127
27 128
27 129
27 131
27 137
27 138
27 139
27 142
27 143
27 146
27 147
27 148
27 150
27 153
27 154
27 157
27 159
27 160
27 165
27 168
27 172
27 175
27 179
27 185
27 190
27 195
27 197
28 30
28 31
28 32
28 33
28 34
28 39
28 41
28 42
28 45
28 47
28 49
28 50
28 52
28 55
28 56
28 57
28 61
28 64
28 65
28 66
28 67
28 70
28 71
28 72
28 74
28 76
28 77
28 79
28 80
28 81
28 82
28 83
28 84
28 85
28 88
28 89
28 91
28 92
28 93
28 96
28 101
28 102
28 104
28 105
28 110
28 111
28 112
28 113
28 116
28 117
28 119
28 120
28 121
28 123
28 125
28 126
28 131
28 136
28 137
28 138
28 142
28 143
28 144
28 151
28 155
28 158
28 162
28 170
28 173
28 175
28 184
28 185
28 186
28 188
28 189
28 195
28 197
29 33
29 34
29 35
29 39
29 40
29 44
29 46
29 47
29 49
29 50
29 52
29 53
29 57
29 58
29 64
29 65
29 66
29 68
29 75
29 77
29 78
29 80
29 81
29 83
29 86
29 89
29 91
29 92
29 93
29 94
29 96
29 98
29 99
29 101
29 102
29 103
29 104
29 106
29 109
29 110
29 111
29 113
29 114
29 117
29 122
29 126
29 127
29 128
29 129
29 130
29 132
29 134
29 135
29 138
29 142
29 143
29 144
29 146
29 147
29 148
29 151
29 154
29 155
29 156
29 157
29 162
29 163
29 174
29 176
29 177
29 190
29 191
29 198
29 200
30 31
30 34
30 42
30 48
30 59
30 61
30 62
30 67
30 70
30 73
30 76
30 77
30 79
30 80
30 81
30 82
30 85
30 86
30 87
30 89
30 90
30 97
30 99
30 100
30 101
30 102
30 103
30 108
30 109
30 111
30 114
30 116
30 117
30 119
30 120
30 121
30 125
30 129
30 131
30 134
30 136
30 139
30 141
30 143
30 147
30 148
30 151
30 152
30 153
30 156
30 161
30 162
30 164
30 165
30 167
30 168
30 170
30 183
30 184
30 187
30 189
30 193
30 195
31 34
31 35
31 36
31 39
31 41
31 42
31 43
31 47
31 48
31 49
31 50
31 51
31 54
31 55
31 57
31 60
31 61
31 62
31 63
31 64
31 66
31 68
31 69
31 70
31 71
31 74
31 79
31 80
31 81
31 83
31 84
31 85
31 86
31 88
31 90
31 97
31 105
31 107
31 109
31 112
31 114
31 118
31 120
31 123
31 127
31 131
31 133
31 134
31 135
31 136
31 137
31 141
31 143
31 146
31 152
31 153
31 154
31 155
31 157
31 159
31 162
31 163
31 164
31 168
31 172
31 173
31 178
31 179
31 186
31 189
31 190
31 192
31 194
31 198
31 199
32 33
32 40
32 41
32 49
32 50
32 52
32 53
32 56
32 57
32 62
32 69
32 71
32 72
32 73
32 75
32 76
32 80
32 81
32 85
32 87
32 88
32 89
32 90
32 92
32 97
32 100
32 106
32 112
32 113
32 115
32 116
32 122
32 124
32 125
32 126
32 127
32 128
32 129
32 130
32 131
32 134
32 139
32 140
32 141
32 142
32 144
32 145
32 146
32 147
32 149
32 150
32 153
32 154
32 156
32 157
32 161
32 162
32 164
32 165
32 168
32 169
32 177
32 178
32 179
32 180
32 184
32 188
32 191
32 192
32 194
32 196
33 34
33 35
33 38
33 41
33 44
33 49
33 50
33 52
33 54
33 56
33 58
33 60
33 61
33 62
33 66
33 68
33 72
33 73
33 74
33 76
33 79
33 80
33 83
33 84
33 85
33 88
33 89
33 92
33 93
33 94
33 95
33 96
33 99
33 102
33 103
33 104
33 106
33 109
33 110
33 111
33 112
33 113
33 114
33 116
33 118
33 119
33 120
33 121
33 127
33 129
33 133
33 134
33 135
33 136
33 138
33 142
33 145
33 146
33 147
33 150
33 151
33 152
33 154
33 155
33 157
33 163
33 164
33 165
33 166
33 167
33 169
33 172
33 174
33 177
33 178
33 179
33 180
33 184
33 185
33 187
33 191
34 36
34 38
34 39
34 40
34 41
34 42
34 46
34 47
34 51
34 53
34 55
34 56
34 57
34 59
34 60
34 61
34 62
34 63
34 64
34 65
34 68
34 71
34 72
34 73
34 74
34 75
34 79
34 80
34 89
34 92
34 93
34 97
34 103
34 106
34 107
34 108
34 110
34 111
34 113
34 114
34 116
34 117
34 119
34 121
34 122
34 124
34 125
34 126
34 128
34 129
34 130
34 131
34 133
34 135
34 144
34 147
34 150
34 151
34 155
34 156
34 157
34 158
34 160
34 161
34 162
34 164
34 165
34 167
34 168
34 170
34 171
34 173
34 188
34 192
34 193
35 36
35 37
35 38
35 39
35 43
35 45
35 46
35 48
35 50
35 51
35 55
35 58
35 59
35 61
35 62
35 63
35 65
35 69
35 71
35 72
35 73
35 75
35 77
35 78
35 79
35 80
35 82
35 85
35 87
35 92
35 95
35 96
35 98
35 101
35 103
35 104
35 108
35 109
35 110
35 112
35 113
35 114
35 116
35 118
35 121
35 122
35 123
35 124
35 130
35 131
35 132
35 133
35 140
35 143
35 144
35 146
35 147
35 148
35 151
35 152
35 154
35 155
35 157
35 158
35 159
35 160
35 164
35 166
35 168
35 169
35 170
35 172
35 174
35 180
35 181
35 184
35 186
35 198
35 199
36 38
36 44
36 45
36 48
36 49
36 50
36 52
36 53
36 54
36 58
36 59
36 60
36 61
36 62
36 63
36 64
36 65
36 66
36 70
36 72
36 73
36 74
36 80
36 82
36 85
36 86
36 87
36 90
36 91
36 92
36 93
36 95
36 96
36 102
36 103
36 106
36 110
36 113
36 115
36 117
36 121
36 125
36 126
36 127
36 129
36 130
36 135
36 137
36 138
36 141
36 143
36 144
36 145
36 147
36 148
36 150
36 152
36 156
36 158
36 159
36 160
36 168
36 169
36 170
36 171
36 181
36 182
36 183
36 185
36 191
36 192
36 197
36 200
37 39
37 41
37 42
37 44
37 45
37 46
37 48
37 49
37 52
37 54
37 57
37 59
37 61
37 64
37 68
37 73
37 74
37 77
37 78
37 79
37 80
37 82
37 84
37 85
37 87
37 89
37 90
37 94
37 95
37 99
37 102
37 106
37 107
37 109
37 111
37 112
37 114
37 115
37 116
37 119
37 120
37 121
37 123
37 126
37 128
37 129
37 131
37 133
37 139
37 140
37 142
37 145
37 146
37 148
37 149
37 150
37 152
37 153
37 155
37 156
37 163
37 164
37 169
37 174
37 175
37 178
37 185
37 189
37 199
37 200
38 39
38 40
38 41
38 42
38 44
38 45
38 49
38 50
38 51
38 56
38 58
38 59
38 61
38 63
38 64
38 65
38 67
38 68
38 70
38 71
38 72
38 73
38 75
38 77
38 79
38 83
38 84
38 87
38 91
38 95
38 96
38 99
38 110
38 115
38 120
38 121
38 124
38 125
38 127
38 132
38 134
38 137
38 139
38 142
38 145
38 149
38 151
38 153
38 155
38 160
38 161
38 164
38 168
38 173
38 174
38 179
38 180
38 181
38 185
38 190
38 191
38 196
39 40
39 41
39 42
39 43
39 46
39 47
39 48
39 49
39 52
39 57
39 64
39 65
39 66
39 67
39 70
39 72
39 74
39 82
39 84
39 86
39 91
39 94
39 97
39 98
39 99
39 100
39 102
39 103
39 105
39 109
39 112
39 115
39 117
39 122
39 127
39 128
39 129
39 131
39 132
39 133
39 136
39 137
39 140
39 144
39 145
39 150
39 152
39 153
39 154
39 157
39 161
39 162
39 169
39 171
39 172
39 173
39 176
39 180
39 183
39 185
39 194
39 195
39 198
40 41
40 42
40 43
40 44
40 46
40 52
40 58
40 59
40 60
40 63
40 65
40 66
40 68
40 70
40 71
40 74
40 76
40 77
40 78
40 80
40 82
40 85
40 86
40 88
40 94
40 97
40 99
40 103
40 104
40 105
40 107
40 108
40 109
40 110
40 111
40 114
40 116
40 117
40 118
40 119
40 120
40 121
40 123
40 125
40 127
40 129
40 134
40 136
40 137
40 138
40 139
40 140
40 141
40 146
40 148
40 151
40 152
40 154
40 155
40 156
40 161
40 163
40 168
40 169
40 170
40 171
40 172
40 173
40 177
40 184
40 190
40 192
40 198
41 43
41 44
41 46
41 47
41 48
41 49
41 50
41 55
41 56
41 63
41 66
41 67
41 69
41 70
41 71
41 73
41 75
41 76
41 79
41 80
41 82
41 86
41 87
41 91
41 96
41 97
41 98
41 99
41 100
41 107
41 108
41 110
41 112
41 114
41 115
41 116
41 117
41 120
41 123
41 124
41 125
41 129
41 134
41 135
41 137
41 138
41 139
41 143
41 144
41 147
41 151
41 153
41 154
41 156
41 159
41 161
41 162
41 167
41 168
41 169
41 170
41 174
41 183
41 184
41 187
41 192
41 194
41 196
41 197
42 44
42 53
42 55
42 56
42 61
42 62
42 63
42 64
42 66
42 67
42 72
42 78
42 79
42 80
42 82
42 83
42 84
42 85
42 87
42 90
42 92
42 94
42 95
42 97
42 98
42 99
42 104
42 105
42 106
42 108
42 112
42 113
42 116
42 117
42 119
42 121
42 123
42 126
42 127
42 128
42 129
42 131
42 133
42 137
42 139
42 140
42 141
42 143
42 146
42 153
42 154
42 156
42 160
42 163
42 164
42 175
42 178
42 179
42 181
42 182
42 186
42 188
42 192
42 195
42 200
43 44
43 45
43 46
43 47
43 48
43 51
43 52
43 54
43 55
43 59
43 62
43 70
43 72
43 73
43 74
43 75
43 76
43 77
43 80
43 86
43 89
43 90
43 92
43 93
43 96
43 98
43 99
43 100
43 101
43 103
43 109
43 115
43 116
43 117
43 118
43 119
43 120
43 121
43 122
43 123
43 125
43 126
43 130
43 134
43 137
43 138
43 139
43 141
43 142
43 143
43 147
43 148
43 154
43 156
43 161
43 162
43 163
43 165
43 166
43 170
43 176
43 181
43 182
43 184
43 186
43 187
43 188
43 189
43 198
44 47
44 54
44 56
44 57
44 59
44 61
44 62
44 64
44 68
44 69
44 70
44 72
44 73
44 75
44 78
44 80
44 84
44 85
44 90
44 91
44 94
44 95
44 96
44 98
44 100
44 101
44 103
44 104
44 107
44 113
44 114
44 119
44 123
44 124
44 126
44 133
44 138
44 139
44 143
44 145
44 151
44 153
44 154
44 157
44 160
44 162
44 163
44 164
44 167
44 176
44 187
44 190
44 194
44 195
44 197
44 200
45 50
45 53
45 56
45 57
45 58
45 59
45 60
45 61
45 67
45 70
45 73
45 77
45 78
45 81
45 82
45 85
45 88
45 89
45 92
45 93
45 94
45 96
45 97
45 99
45 100
45 102
45 103
45 105
45 106
45 108
45 110
45 111
45 113
45 114
45 115
45 116
45 117
45 120
45 121
45 123
45 124
45 126
45 127
45 129
45 130
45 132
45 134
45 141
45 142
45 143
45 144
45 145
45 147
45 151
45 152
45 153
45 154
45 155
45 156
45 157
45 158
45 160
45 163
45 164
45 166
45 167
45 168
45 170
45 176
45 182
45 183
45 188
45 189
45 195
46 53
46 54
46 55
46 56
46 57
46 60
46 68
46 69
46 70
46 71
46 72
46 74
46 75
46 76
46 78
46 81
46 82
46 86
46 90
46 92
46 95
46 96
46 97
46 100
46 101
46 102
46 105
46 106
46 109
46 112
46 120
46 125
46 126
46 132
46 135
46 137
46 138
46 141
46 147
46 149
46 150
46 151
46 152
46 153
46 158
46 161
46 163
46 164
46 168
46 169
46 172
46 174
46 181
46 184
46 185
46 186
46 188
46 192
46 196
46 200
47 52
47 53
47 58
47 61
47 64
47 65
47 66
47 68
47 69
47 70
47 74
47 75
47 81
47 83
47 85
47 88
47 89
47 95
47 98
47 99
47 100
47 102
47 103
47 104
47 105
47 106
47 108
47 110
47 111
47 112
47 116
47 120
47 121
47 127
47 132
47 134
47 135
47 138
47 140
47 141
47 143
47 145
47 147
47 149
47 150
47 152
47 154
47 155
47 157
47 158
47 161
47 163
47 166
47 167
47 173
47 177
47 179
47 181
47 191
47 195
47 196
47 199
48 51
48 52
48 55
48 60
48 62
48 65
48 68
48 70
48 71
48 72
48 75
48 76
48 81
48 86
48 87
48 89
48 91
48 97
48 99
48 102
48 103
48 106
48 107
48 109
48 111
48 112
48 113
48 116
48 117
48 122
48 124
48 129
48 130
48 136
48 137
48 138
48 142
48 147
48 149
48 151
48 159
48 161
48 162
48 168
48 169
48 170
48 174
48 178
48 180
48 182
48 188
48 196
48 197
48 200
49 51
49 53
49 55
49 56
49 57
49 58
49 59
49 65
49 68
49 69
49 70
49 75
49 77
49 79
49 80
49 82
49 84
49 86
49 91
49 92
49 93
49 94
49 95
49 96
49 103
49 105
49 111
49 112
49 113
49 115
49 116
49 117
49 118
49 119
49 121
49 124
49 128
49 129
49 130
49 132
49 135
49 137
49 138
49 144
49 145
49 147
49 150
49 151
49 154
49 155
49 156
49 157
49 158
49 159
49 160
49 162
49 165
49 166
49 174
49 183
49 191
49 199
50 53
50 54
50 55
50 56
50 58
50 63
50 64
50 65
50 68
50 70
50 72
50 74
50 76
50 77
50 82
50 84
50 87
50 88
50 90
50 91
50 97
50 99
50 100
50 101
50 104
50 105
50 108
50 112
50 113
50 114
50 117
50 119
50 122
50 123
50 124
50 129
50 131
50 134
50 140
50 141
50 142
50 144
50 145
50 147
50 149
50 153
50 158
50 161
50 163
50 164
50 165
50 167
50 168
50 169
50 171
50 173
50 175
50 176
50 185
51 53
51 55
51 56
51 58
51 59
51 60
51 61
51 62
51 63
51 64
51 67
51 69
51 73
51 74
51 76
51 77
51 79
51 81
51 82
51 88
51 91
51 92
51 94
51 96
51 97
51 98
51 99
51 100
51 107
51 116
51 117
51 121
51 122
51 129
51 130
51 131
51 132
51 135
51 136
51 138
51 140
51 141
51 142
51 145
51 151
51 152
51 157
51 159
51 160
51 161
51 162
51 164
51 167
51 168
51 169
51 173
51 175
51 178
51 179
51 184
51 192
51 199
52 53
52 56
52 57
52 63
52 67
52 69
52 70
52 71
52 76
52 77
52 81
52 82
52 84
52 85
52 87
52 91
52 92
52 93
52 94
52 95
52 97
52 98
52 100
52 104
52 105
52 107
52 111
52 113
52 115
52 120
52 121
52 125
52 127
52 135
52 137
52 139
52 141
52 144
52 145
52 147
52 148
52 151
52 153
52 158
52 159
52 164
52 166
52 167
52 168
52 176
52 182
52 188
52 190
52 194
53 54
53 55
53 56
53 60
53 63
53 65
53 66
53 67
53 68
53 72
53 73
53 75
53 77
53 83
53 84
53 88
53 89
53 91
53 92
53 93
53 94
53 96
53 101
53 105
53 106
53 109
53 111
53 112
53 114
53 117
53 118
53 120
53 123
53 124
53 125
53 126
53 129
53 130
53 131
53 135
53 137
53 143
53 146
53 149
53 154
53 158
53 165
53 166
53 167
53 172
53 177
53 179
53 181
53 186
53 196
53 197
54 56
54 58
54 62
54 63
54 64
54 65
54 66
54 68
54 71
54 72
54 78
54 79
54 81
54 84
54 85
54 86
54 89
54 92
54 95
54 98
54 99
54 100
54 104
54 109
54 110
54 113
54 114
54 116
54 117
54 118
54 123
54 124
54 125
54 126
54 128
54 129
54 135
54 138
54 139
54 140
54 141
54 142
54 144
54 146
54 148
54 149
54 152
54 154
54 156
54 157
54 158
54 161
54 163
54 165
54 168
54 170
54 172
54 174
54 176
54 181
54 184
54 186
54 187
54 189
54 193
54 197
55 56
55 60
55 63
55 64
55 65
55 67
55 69
55 70
55 71
55 74
55 76
55 78
55 79
55 80
55 83
55 86
55 87
55 88
55 90
55 92
55 93
55 95
55 96
55 100
55 103
55 104
55 108
55 109
55 113
55 114
55 119
55 121
55 125
55 127
55 129
55 130
55 131
55 132
55 133
55 135
55 137
55 138
55 141
55 142
55 143
55 144
55 146
55 147
55 149
55 150
55 152
55 153
55 158
55 161
55 163
55 164
55 166
55 168
55 170
55 174
55 175
55 178
55 179
55 181
55 189
55 190
55 193
55 194
55 199
56 63
56 66
56 67
56 71
56 72
56 73
56 75
56 76
56 79
56 81
56 82
56 83
56 85
56 86
56 87
56 91
56 92
56 94
56 96
56 97
56 98
56 101
56 102
56 104
56 105
56 107
56 108
56 109
56 110
56 111
56 114
56 118
56 119
56 123
56 127
56 130
56 132
56 133
56 134
56 135
56 137
56 139
56 140
56 141
56 142
56 143
56 144
56 145
56 151
56 154
56 158
56 159
56 160
56 161
56 162
56 163
56 165
56 166
56 169
56 187
56 189
56 190
56 193
56 196
56 198
56 200
57 61
57 62
57 69
57 74
57 75
57 76
57 80
57 83
57 84
57 89
57 90
57 91
57 94
57 95
57 97
57 99
57 100
57 104
57 105
57 108
57 109
57 112
57 113
57 118
57 119
57 121
57 124
57 125
57 126
57 134
57 135
57 141
57 144
57 146
57 149
57 151
57 155
57 161
57 162
57 166
57 168
57 169
57 173
57 176
57 177
57 180
57 181
57 182
57 189
57 191
58 59
58 61
58 63
58 65
58 67
58 70
58 72
58 73
58 74
58 75
58 76
58 78
58 79
58 80
58 83
58 84
58 85
58 87
58 96
58 102
58 104
58 109
58 111
58 114
58 115
58 118
58 119
58 120
58 121
58 123
58 124
58 126
58 129
58 132
58 136
58 139
58 146
58 148
58 150
58 152
58 153
58 155
58 156
58 157
58 158
58 159
58 160
58 162
58 165
58 166
58 170
58 171
58 172
58 175
58 180
58 182
58 185
58 187
58 192
58 193
59 60
59 61
59 62
59 63
59 64
59 65
59 66
59 68
59 71
59 72
59 73
59 74
59 75
59 76
59 77
59 78
59 80
59 82
59 83
59 87
59 88
59 91
59 92
59 96
59 99
59 101
59 105
59 109
59 110
59 111
59 112
59 113
59 114
59 116
59 117
59 122
59 123
59 126
59 130
59 137
59 138
59 140
59 141
59 143
59 144
59 146
59 147
59 149
59 152
59 154
59 158
59 165
59 166
59 168
59 170
59 172
59 180
59 182
59 183
59 188
59 191
59 199
60 64
60 67
60 68
60 70
60 73
60 74
60 76
60 77
60 84
60 85
60 91
60 95
60 96
60 101
60 102
60 105
60 106
60 107
60 108
60 114
60 115
60 116
60 118
60 120
60 121
60 124
60 127
60 130
60 131
60 134
60 136
60 140
60 146
60 148
60 150
60 151
60 154
60 156
60 158
60 161
60 164
60 166
60 167
60 168
60 172
60 177
60 180
60 184
60 192
60 196
60 197
60 198
60 199
61 65
61 69
61 70
61 71
61 74
61 76
61 77
61 78
61 79
61 84
61 87
61 88
61 97
61 102
61 104
61 105
61 106
61 111
61 113
61 115
61 118
61 119
61 122
61 124
61 125
61 128
61 129
61 130
61 132
61 135
61 136
61 138
61 142
61 143
61 144
61 146
61 147
61 153
61 154
61 155
61 156
61 157
61 160
61 164
61 168
61 170
61 173
61 181
61 184
61 189
61 190
61 194
61 196
61 198
62 64
62 67
62 69
62 70
62 73
62 74
62 76
62 77
62 78
62 80
62 81
62 85
62 87
62 89
62 94
62 100
62 104
62 105
62 106
62 107
62 108
62 112
62 114
62 118
62 119
62 121
62 128
62 129
62 131
62 132
62 135
62 137
62 139
62 140
62 142
62 148
62 155
62 156
62 157
62 160
62 161
62 163
62 164
62 165
62 166
62 169
62 175
62 181
62 184
62 188
62 190
62 200
63 64
63 73
63 74
63 77
63 78
63 79
63 81
63 83
63 84
63 85
63 86
63 87
63 92
63 94
63 101
63 102
63 103
63 105
63 106
63 109
63 110
63 116
63 117
63 119
63 120
63 121
63 123
63 125
63 131
63 132
63 137
63 138
63 140
63 142
63 144
63 146
63 149
63 159
63 161
63 164
63 166
63 167
63 170
63 173
63 174
63 177
63 187
63 190
63 191
63 192
63 195
63 199
64 66
64 67
64 68
64 69
64 74
64 77
64 78
64 80
64 81
64 86
64 87
64 90
64 91
64 92
64 93
64 96
64 103
64 107
64 108
64 110
64 111
64 113
64 116
64 117
64 120
64 123
64 124
64 127
64 129
64 131
64 132
64 135
64 141
64 142
64 148
64 150
64 153
64 156
64 157
64 158
64 161
64 162
64 163
64 165
64 166
64 168
64 170
64 179
64 180
64 186
64 188
65 67
65 69
65 72
65 73
65 74
65 77
65 78
65 81
65 83
65 84
65 85
65 86
65 89
65 90
65 93
65 95
65 96
65 98
65 101
65 102
65 103
65 109
65 110
65 112
65 116
65 117
65 118
65 120
65 121
65 127
65 128
65 132
65 133
65 134
65 137
65 140
65 142
65 143
65 144
65 146
65 147
65 148
65 149
65 152
65 154
65 156
65 157
65 158
65 160
65 161
65 162
65 163
65 164
65 170
65 171
65 174
65 177
65 180
65 184
65 187
65 192
66 70
66 72
66 73
66 74
66 76
66 77
66 78
66 82
66 84
66 85
66 87
66 89
66 90
66 91
66 92
66 93
66 95
66 97
66 98
66 100
66 102
66 103
66 106
66 110
66 111
66 112
66 114
66 118
66 119
66 120
66 123
66 128
66 130
66 133
66 134
66 140
66 142
66 145
66 146
66 151
66 153
66 154
66 155
66 157
66 161
66 163
66 164
66 165
66 166
66 167
66 168
66 169
66 172
66 174
66 175
66 179
66 184
66 186
66 187
66 194
66 196
66 197
66 198
66 200
67 68
67 69
67 71
67 74
67 75
67 78
67 80
67 82
67 83
67 85
67 88
67 91
67 92
67 94
67 95
67 97
67 99
67 101
67 102
67 106
67 109
67 110
67 112
67 115
67 116
67 118
67 119
67 121
67 123
67 124
67 125
67 126
67 127
67 131
67 134
67 135
67 138
67 141
67 142
67 147
67 154
67 155
67 156
67 159
67 164
67 167
67 169
67 177
67 179
67 183
67 186
67 195
67 200
68 71
68 72
68 75
68 76
68 78
68 82
68 83
68 84
68 87
68 88
68 89
68 91
68 95
68 96
68 99
68 100
68 101
68 105
68 109
68 110
68 112
68 113
68 117
68 119
68 121
68 123
68 124
68 127
68 129
68 130
68 139
68 142
68 148
68 149
68 151
68 154
68 157
68 158
68 159
68 162
68 166
68 172
68 174
68 175
68 180
68 183
68 185
68 186
68 187
68 188
68 190
68 191
68 198
69 70
69 71
69 73
69 74
69 75
69 77
69 78
69 79
69 80
69 81
69 87
69 88
69 89
69 90
69 94
69 96
69 97
69 99
69 100
69 102
69 104
69 105
69 109
69 113
69 119
69 126
69 127
69 130
69 131
69 132
69 137
69 141
69 143
69 145
69 147
69 149
69 150
69 151
69 152
69 153
69 154
69 158
69 162
69 163
69 164
69 165
69 168
69 169
69 170
69 173
69 175
69 182
69 183
69 189
69 194
70 73
70 74
70 78
70 81
70 82
70 86
70 88
70 89
70 90
70 91
70 94
70 96
70 98
70 99
70 101
70 103
70 105
70 109
70 113
70 114
70 115
70 116
70 117
70 119
70 121
70 127
70 128
70 130
70 132
70 135
70 137
70 139
70 140
70 142
70 147
70 149
70 151
70 153
70 154
70 155
70 157
70 158
70 159
70 161
70 165
70 167
70 175
70 177
70 178
70 180
70 181
70 184
70 190
70 192
70 198
70 200
71 73
71 74
71 75
71 77
71 80
71 83
71 87
71 91
71 93
71 97
71 98
71 101
71 104
71 106
71 107
71 108
71 110
71 111
71 117
71 119
71 122
71 124
71 125
71 127
71 128
71 130
71 131
71 132
71 137
71 139
71 143
71 145
71 146
71 149
71 150
71 151
71 155
71 156
71 159
71 162
71 170
71 173
71 174
71 180
71 181
71 193
71 198
72 75
72 77
72 78
72 79
72 81
72 82
72 84
72 85
72 86
72 87
72 93
72 96
72 97
72 100
72 102
72 103
72 104
72 105
72 106
72 107
72 110
72 111
72 115
72 116
72 117
72 118
72 119
72 123
72 125
72 127
72 130
72 131
72 132
72 138
72 139
72 149
72 153
72 158
72 164
72 169
72 171
72 175
72 177
72 178
72 179
72 185
72 191
72 192
72 194
72 196
72 199
73 74
73 76
73 77
73 78
73 80
73 81
73 85
73 87
73 88
73 90
73 92
73 94
73 97
73 98
73 99
73 101
73 102
73 103
73 104
73 105
73 106
73 108
73 115
73 118
73 119
73 121
73 124
73 125
73 128
73 131
73 133
73 134
73 136
73 138
73 139
73 141
73 142
73 144
73 147
73 148
73 149
73 150
73 158
73 159
73 162
73 163
73 165
73 167
73 171
73 173
73 176
73 177
73 178
73 183
73 186
73 192
73 193
73 195
73 200
74 75
74 78
74 80
74 83
74 86
74 87
74 88
74 90
74 91
74 92
74 97
74 99
74 105
74 106
74 108
74 110
74 113
74 114
74 117
74 118
74 119
74 122
74 123
74 128
74 129
74 132
74 135
74 136
74 137
74 141
74 142
74 143
74 144
74 145
74 146
74 148
74 149
74 150
74 156
74 158
74 161
74 162
74 163
74 166
74 168
74 169
74 178
74 184
74 190
74 191
74 192
74 195
74 196
75 76
75 77
75 78
75 79
75 81
75 84
75 88
75 101
75 105
75 107
75 119
75 123
75 125
75 127
75 128
75 129
75 131
75 132
75 135
75 136
75 142
75 144
75 145
75 147
75 150
75 153
75 155
75 160
75 161
75 166
75 170
75 171
75 175
75 178
75 185
75 187
75 190
75 192
75 200
76 79
76 81
76 84
76 86
76 88
76 89
76 90
76 91
76 92
76 96
76 97
76 100
76 101
76 104
76 105
76 106
76 107
76 109
76 110
76 113
76 114
76 120
76 121
76 122
76 124
76 127
76 129
76 130
76 131
76 132
76 133
76 134
76 137
76 141
76 142
76 143
76 145
76 146
76 147
76 148
76 154
76 157
76 158
76 161
76 162
76 163
76 164
76 165
76 169
76 172
76 175
76 176
76 178
76 179
76 181
76 187
77 78
77 79
77 81
77 82
77 84
77 85
77 86
77 87
77 92
77 101
77 102
77 103
77 106
77 108
77 111
77 112
77 113
77 114
77 115
77 118
77 120
77 121
77 122
77 123
77 125
77 127
77 128
77 130
77 134
77 135
77 140
77 146
77 147
77 148
77 149
77 152
77 154
77 155
77 156
77 159
77 160
77 162
77 163
77 166
77 168
77 169
77 170
77 172
77 175
77 180
77 181
77 183
77 193
77 195
77 198
77 200
78 80
78 83
78 84
78 86
78 88
78 90
78 91
78 94
78 97
78 98
78 99
78 100
78 105
78 106
78 107
78 109
78 112
78 113
78 117
78 118
78 120
78 123
78 124
78 128
78 130
78 132
78 133
78 134
78 135
78 136
78 137
78 138
78 145
78 146
78 153
78 157
78 160
78 162
78 166
78 167
78 168
78 169
78 180
78 182
78 187
78 188
78 196
78 197
79 83
79 94
79 100
79 101
79 102
79 103
79 104
79 108
79 109
79 116
79 118
79 119
79 120
79 122
79 123
79 125
79 133
79 134
79 137
79 139
79 140
79 141
79 142
79 143
79 150
79 151
79 152
79 155
79 156
79 158
79 161
79 163
79 169
79 170
79 172
79 176
79 177
79 181
79 185
79 186
79 188
79 189
79 190
79 191
79 198
79 199
80 86
80 90
80 91
80 92
80 93
80 95
80 99
80 101
80 102
80 103
80 107
80 110
80 111
80 112
80 113
80 114
80 115
80 116
80 117
80 118
80 123
80 124
80 129
80 130
80 133
80 140
80 141
80 145
80 148
80 149
80 150
80 151
80 152
80 154
80 155
80 156
80 157
80 159
80 163
80 164
80 166
80 167
80 171
80 174
80 179
80 186
80 187
80 190
80 200
81 83
81 87
81 89
81 90
81 94
81 95
81 96
81 98
81 100
81 104
81 105
81 106
81 107
81 108
81 111
81 112
81 114
81 116
81 119
81 120
81 121
81 125
81 126
81 131
81 137
81 139
81 141
81 142
81 145
81 147
81 150
81 153
81 154
81 156
81 158
81 159
81 160
81 161
81 163
81 164
81 170
81 172
81 175
81 179
81 182
81 187
81 189
81 190
81 193
81 195
81 197
81 198
82 83
82 85
82 87
82 90
82 93
82 95
82 96
82 99
82 105
82 107
82 108
82 109
82 111
82 112
82 113
82 114
82 116
82 118
82 119
82 121
82 126
82 130
82 131
82 132
82 133
82 134
82 135
82 136
82 137
82 139
82 141
82 142
82 146
82 156
82 158
82 160
82 161
82 165
82 167
82 170
82 174
82 176
82 177
82 180
82 181
82 183
82 184
82 193
82 199
82 200
83 85
83 87
83 90
83 92
83 94
83 95
83 97
83 103
83 104
83 106
83 107
83 108
83 111
83 112
83 116
83 117
83 118
83 119
83 120
83 124
83 125
83 126
83 127
83 129
83 130
83 132
83 135
83 137
83 138
83 140
83 144
83 145
83 148
83 150
83 152
83 153
83 154
83 158
83 162
83 163
83 166
83 167
83 169
83 170
83 176
83 177
83 179
83 180
83 183
83 187
83 190
83 191
83 192
83 193
83 194
83 197
84 88
84 90
84 92
84 94
84 95
84 96
84 99
84 101
84 106
84 108
84 109
84 112
84 113
84 114
84 115
84 116
84 117
84 119
84 120
84 121
84 122
84 125
84 126
84 130
84 133
84 134
84 135
84 137
84 139
84 140
84 141
84 143
84 145
84 148
84 149
84 150
84 156
84 158
84 159
84 161
84 164
84 167
84 168
84 169
84 170
84 176
84 177
84 189
84 191
84 193
85 86
85 87
85 88
85 90
85 94
85 96
85 99
85 101
85 104
85 105
85 106
85 107
85 116
85 117
85 120
85 121
85 122
85 123
85 126
85 127
85 128
85 130
85 131
85 133
85 137
85 138
85 139
85 141
85 143
85 144
85 146
85 147
85 148
85 150
85 151
85 152
85 153
85 159
85 160
85 163
85 164
85 166
85 181
85 184
85 187
85 188
85 197
86 88
86 96
86 97
86 103
86 104
86 107
86 108
86 109
86 110
86 112
86 113
86 114
86 115
86 118
86 120
86 121
86 123
86 124
86 125
86 126
86 128
86 133
86 136
86 137
86 138
86 140
86 141
86 142
86 143
86 144
86 145
86 148
86 151
86 153
86 154
86 155
86 157
86 159
86 164
86 165
86 169
86 170
86 172
86 179
86 181
86 183
86 187
86 189
86 193
86 195
86 196
86 198
86 200
87 88
87 90
87 93
87 94
87 95
87 98
87 103
87 104
87 105
87 109
87 111
87 113
87 114
87 116
87 118
87 119
87 122
87 123
87 125
87 128
87 130
87 135
87 139
87 140
87 142
87 144
87 146
87 149
87 150
87 151
87 153
87 155
87 156
87 157
87 160
87 161
87 162
87 164
87 165
87 167
87 168
87 169
87 170
87 173
87 176
87 178
87 181
87 182
87 183
87 185
87 189
87 193
87 194
87 196
88 93
88 94
88 100
88 101
88 104
88 106
88 108
88 110
88 112
88 113
88 115
88 116
88 120
88 121
88 122
88 126
88 130
88 132
88 141
88 142
88 146
88 150
88 152
88 154
88 157
88 158
88 161
88 162
88 164
88 167
88 169
88 174
88 177
88 178
88 181
88 183
88 185
88 186
88 188
88 191
88 194
89 90
89 92
89 94
89 95
89 97
89 103
89 104
89 105
89 106
89 108
89 109
89 110
89 113
89 114
89 117
89 119
89 120
89 123
89 125
89 127
89 131
89 135
89 136
89 138
89 139
89 140
89 141
89 143
89 148
89 154
89 155
89 157
89 159
89 161
89 162
89 163
89 164
89 165
89 166
89 167
89 169
89 172
89 173
89 180
89 182
89 184
89 191
89 200
90 91
90 94
90 97
90 103
90 104
90 106
90 107
90 118
90 119
90 120
90 122
90 124
90 125
90 127
90 128
90 132
90 133
90 136
90 137
90 139
90 140
90 143
90 147
90 148
90 149
90 150
90 151
90 152
90 154
90 158
90 161
90 162
90 163
90 165
90 167
90 168
90 175
90 179
90 182
90 183
90 186
90 187
90 188
90 192
90 193
90 194
90 200
91 94
91 96
91 100
91 102
91 104
91 105
91 107
91 109
91 110
91 111
91 112
91 115
91 117
91 126
91 129
91 133
91 135
91 136
91 137
91 142
91 144
91 146
91 150
91 153
91 155
91 157
91 158
91 159
91 161
91 162
91 167
91 168
91 170
91 172
91 176
91 184
91 187
91 198
91 199
91 200
92 95
92 99
92 100
92 101
92 102
92 106
92 110
92 111
92 114
92 117
92 121
92 122
92 123
92 125
92 129
92 132
92 134
92 137
92 138
92 140
92 142
92 146
92 148
92 149
92 153
92 155
92 158
92 160
92 163
92 165
92 167
92 169
92 170
92 178
92 179
92 180
92 184
92 187
92 189
92 196
92 198
92 199
93 96
93 97
93 99
93 101
93 105
93 106
93 108
93 110
93 111
93 112
93 113
93 114
93 115
93 116
93 122
93 124
93 127
93 129
93 130
93 131
93 133
93 135
93 136
93 138
93 139
93 140
93 142
93 148
93 150
93 152
93 153
93 155
93 157
93 158
93 160
93 163
93 165
93 167
93 170
93 173
93 175
93 184
93 187
93 190
93 191
93 196
94 95
94 98
94 99
94 103
94 104
94 105
94 107
94 108
94 111
94 112
94 115
94 116
94 119
94 121
94 124
94 125
94 129
94 130
94 131
94 134
94 138
94 139
94 144
94 146
94 147
94 148
94 150
94 151
94 153
94 154
94 155
94 162
94 164
94 165
94 167
94 171
94 177
94 181
94 182
94 189
94 191
94 193
94 196
95 96
95 103
95 104
95 105
95 106
95 107
95 109
95 113
95 116
95 119
95 123
95 126
95 127
95 132
95 134
95 135
95 136
95 138
95 139
95 140
95 142
95 143
95 145
95 146
95 148
95 149
95 152
95 154
95 155
95 156
95 157
95 158
95 161
95 167
95 170
95 172
95 182
95 184
95 186
95 190
95 197
95 198
96 98
96 99
96 100
96 103
96 105
96 108
96 109
96 111
96 112
96 113
96 114
96 115
96 116
96 119
96 124
96 126
96 129
96 132
96 133
96 134
96 137
96 138
96 139
96 142
96 144
96 145
96 146
96 148
96 152
96 156
96 158
96 159
96 160
96 161
96 163
96 164
96 165
96 168
96 169
96 172
96 174
96 176
96 179
96 184
96 186
96 187
96 190
96 194
96 196
97 98
97 101
97 102
97 109
97 110
97 111
97 117
97 119
97 120
97 121
97 122
97 125
97 128
97 129
97 130
97 132
97 134
97 135
97 137
97 139
97 140
97 144
97 146
97 147
97 149
97 151
97 155
97 157
97 160
97 161
97 165
97 167
97 169
97 170
97 172
97 173
97 178
97 182
97 188
97 189
97 190
97 192
97 196
97 198
97 199
98 99
98 105
98 106
98 109
98 113
98 116
98 119
98 120
98 122
98 126
98 128
98 129
98 130
98 131
98 133
98 135
98 137
98 140
98 141
98 146
98 150
98 152
98 154
98 156
98 157
98 158
98 159
98 162
98 165
98 166
98 167
98 168
98 173
98 175
98 177
98 188
99 101
99 102
99 104
99 109
99 111
99 113
99 114
99 115
99 116
99 117
99 118
99 121
99 122
99 123
99 124
99 125
99 129
99 131
99 133
99 135
99 136
99 137
99 138
99 139
99 140
99 144
99 145
99 146
99 152
99 154
99 155
99 159
99 161
99 162
99 166
99 169
99 177
99 186
99 189
99 192
100 103
100 105
100 107
100 108
100 109
100 110
100 111
100 113
100 117
100 121
100 122
100 123
100 124
100 125
100 129
100 130
100 133
100 134
100 135
100 138
100 140
100 144
100 148
100 151
100 153
100 156
100 158
100 159
100 160
100 162
100 164
100 166
100 168
100 176
100 178
100 180
100 181
100 185
100 186
100 190
100 193
100 194
100 195
100 197
100 198
100 200
101 108
101 110
101 112
101 114
101 115
101 117
101 119
101 121
101 125
101 126
101 129
101 130
101 131
101 132
101 133
101 134
101 138
101 144
101 147
101 148
101 149
101 157
101 159
101 160
101 161
101 162
101 163
101 165
101 169
101 173
101 187
101 188
101 190
101 191
101 193
102 103
102 105
102 106
102 107
102 113
102 114
102 115
102 117
102 119
102 121
102 123
102 125
102 127
102 130
102 132
102 135
102 137
102 139
102 143
102 144
102 145
102 150
102 151
102 153
102 154
102 155
102 158
102 162
102 163
102 166
102 171
102 176
102 177
102 185
102 188
102 191
102 193
102 195
102 198
103 107
103 108
103 110
103 114
103 115
103 116
103 118
103 120
103 121
103 122
103 126
103 127
103 128
103 129
103 132
103 134
103 138
103 139
103 141
103 142
103 146
103 147
103 148
103 150
103 156
103 157
103 158
103 162
103 163
103 166
103 167
103 169
103 170
103 174
103 176
103 178
103 179
103 193
103 194
103 195
103 196
103 197
104 109
104 110
104 112
104 115
104 118
104 119
104 120
104 121
104 123
104 126
104 129
104 130
104 131
104 132
104 133
104 134
104 139
104 142
104 143
104 144
104 148
104 149
104 153
104 154
104 155
104 159
104 162
104 163
104 165
104 169
104 170
104 171
104 174
104 176
104 179
104 185
104 192
104 193
104 194
104 195
104 197
104 198
104 200
105 108
105 109
105 110
105 112
105 118
105 119
105 123
105 125
105 127
105 130
105 133
105 134
105 138
105 140
105 141
105 143
105 144
105 145
105 146
105 148
105 149
105 150
105 152
105 154
105 156
105 157
105 159
105 161
105 162
105 165
105 169
105 171
105 173
105 177
105 180
105 185
105 187
105 188
105 189
105 191
106 108
106 109
106 111
106 114
106 115
106 116
106 119
106 120
106 122
106 123
106 124
106 126
106 129
106 131
106 132
106 134
106 138
106 139
106 142
106 143
106 145
106 151
106 152
106 153
106 157
106 159
106 160
106 162
106 163
106 165
106 169
106 170
106 178
106 179
106 182
106 193
106 198
106 199
107 111
107 112
107 113
107 114
107 115
107 116
107 117
107 118
107 119
107 120
107 121
107 123
107 127
107 129
107 130
107 132
107 133
107 134
107 142
107 145
107 147
107 148
107 150
107 151
107 152
107 153
107 154
107 159
107 162
107 164
107 182
107 184
107 191
107 196
107 198
108 110
108 111
108 118
108 120
108 122
108 123
108 125
108 128
108 130
108 132
108 136
108 137
108 139
108 140
108 142
108 144
108 147
108 148
108 150
108 151
108 154
108 156
108 157
108 159
108 160
108 161
108 163
108 165
108 166
108 167
108 168
108 169
108 170
108 173
108 174
108 177
108 181
108 194
108 197
108 200
109 111
109 114
109 115
109 116
109 117
109 129
109 130
109 132
109 133
109 138
109 139
109 140
109 142
109 143
109 146
109 148
109 149
109 150
109 158
109 159
109 160
109 163
109 164
109 168
109 169
109 170
109 171
109 173
109 174
109 176
109 177
109 183
109 185
109 196
110 111
110 113
110 115
110 116
110 117
110 122
110 125
110 128
110 129
110 130
110 131
110 132
110 133
110 137
110 141
110 144
110 147
110 151
110 153
110 155
110 157
110 159
110 161
110 165
110 170
110 176
110 177
110 190
110 195
110 196
110 197
111 115
111 116
111 118
111 119
111 122
111 123
111 127
111 128
111 129
111 133
111 137
111 138
111 139
111 141
111 142
111 143
111 144
111 145
111 147
111 149
111 151
111 152
111 153
111 156
111 162
111 163
111 164
111 165
111 166
111 169
111 171
111 176
111 178
111 182
111 183
111 186
111 190
111 192
111 194
111 195
111 197
111 200
112 113
112 116
112 117
112 120
112 122
112 123
112 125
112 127
112 129
112 132
112 133
112 134
112 136
112 139
112 148
112 149
112 150
112 152
112 153
112 158
112 160
112 161
112 163
112 166
112 167
112 169
112 171
112 172
112 175
112 185
112 189
112 197
112 199
112 200
113 114
113 115
113 119
113 120
113 125
113 126
113 128
113 129
113 130
113 131
113 134
113 135
113 139
113 142
113 144
113 147
113 151
113 154
113 155
113 156
113 157
113 160
113 162
113 164
113 168
113 170
113 173
113 175
113 180
113 185
113 190
113 194
113 196
113 197
114 115
114 117
114 122
114 126
114 128
114 129
114 130
114 131
114 133
114 134
114 137
114 138
114 142
114 145
114 147
114 150
114 151
114 152
114 154
114 156
114 158
114 159
114 160
114 161
114 165
114 167
114 168
114 169
114 170
114 177
114 178
114 193
114 194
115 117
115 120
115 124
115 125
115 132
115 134
115 142
115 143
115 144
115 147
115 150
115 151
115 152
115 155
115 156
115 163
115 165
115 166
115 167
115 172
115 174
115 176
115 178
115 180
115 187
115 198
115 199
115 200
116 119
116 120
116 121
116 122
116 123
116 128
116 132
116 133
116 134
116 137
116 138
116 140
116 142
116 143
116 146
116 147
116 150
116 154
116 155
116 156
116 158
116 163
116 164
116 166
116 167
116 169
116 173
116 175
116 182
116 194
116 197
116 198
116 199
117 118
117 120
117 121
117 126
117 129
117 133
117 134
117 136
117 137
117 138
117 139
117 141
117 143
117 145
117 149
117 150
117 151
117 153
117 158
117 159
117 160
117 161
117 163
117 164
117 167
117 171
117 174
117 176
117 177
117 178
117 181
117 183
117 186
117 187
117 189
117 200
118 119
118 121
118 122
118 123
118 125
118 127
118 129
118 131
118 133
118 135
118 136
118 140
118 141
118 145
118 146
118 148
118 149
118 151
118 152
118 155
118 157
118 159
118 162
118 164
118 171
118 176
118 177
118 178
118 180
118 182
118 185
118 186
118 188
118 189
119 120
119 121
119 122
119 125
119 129
119 133
119 134
119 136
119 138
119 140
119 141
119 142
119 143
119 144
119 145
119 150
119 155
119 157
119 159
119 160
119 162
119 167
119 168
119 169
119 170
119 177
119 180
119 185
119 188
119 193
119 196
120 123
120 124
120 127
120 129
120 130
120 132
120 134
120 139
120 141
120 142
120 144
120 147
120 148
120 149
120 152
120 157
120 159
120 161
120 163
120 164
120 165
120 166
120 167
120 169
120 176
120 177
120 178
120 179
120 184
120 185
120 192
120 194
120 199
121 123
121 124
121 125
121 126
121 128
121 133
121 136
121 137
121 139
121 141
121 144
121 149
121 154
121 155
121 159
121 160
121 161
121 163
121 169
121 170
121 171
121 174
121 180
121 184
121 195
121 197
121 198
121 199
122 124
122 125
122 128
122 134
122 135
122 137
122 139
122 142
122 145
122 146
122 148
122 149
122 150
122 151
122 152
122 159
122 160
122 161
122 164
122 167
122 168
122 175
122 176
122 188
122 192
122 195
122 200
123 124
123 125
123 130
123 131
123 133
123 134
123 135
123 136
123 138
123 139
123 144
123 145
123 146
123 147
123 148
123 149
123 151
123 152
123 161
123 165
123 168
123 172
123 175
123 178
123 186
123 187
123 188
123 189
123 193
123 194
123 198
123 200
124 129
124 132
124 133
124 137
124 140
124 145
124 146
124 147
124 148
124 150
124 151
124 152
124 154
124 157
124 158
124 159
124 162
124 164
124 166
124 167
124 169
124 174
124 178
124 190
124 200
125 127
125 129
125 131
125 134
125 137
125 139
125 140
125 143
125 144
125 145
125 148
125 151
125 152
125 153
125 156
125 158
125 161
125 162
125 164
125 165
125 166
125 167
125 169
125 170
125 172
125 176
125 179
125 183
125 184
125 191
125 192
125 193
125 199
126 131
126 133
126 135
126 140
126 142
126 146
126 147
126 149
126 150
126 151
126 154
126 155
126 157
126 160
126 163
126 165
126 169
126 170
126 172
126 175
126 185
126 198
127 129
127 130
127 131
127 136
127 137
127 140
127 147
127 148
127 149
127 152
127 155
127 156
127 157
127 158
127 162
127 166
127 168
127 178
127 180
127 185
127 190
127 191
127 192
127 193
127 195
127 196
127 197
128 131
128 132
128 135
128 136
128 137
128 140
128 143
128 144
128 145
128 149
128 150
128 151
128 152
128 154
128 158
128 159
128 165
128 167
128 172
128 175
128 176
128 177
128 184
128 192
128 199
129 131
129 134
129 135
129 136
129 137
129 139
129 140
129 143
129 145
129 148
129 150
129 153
129 154
129 155
129 157
129 160
129 161
129 164
129 165
129 167
129 169
129 170
129 175
129 180
129 186
129 194
129 198
130 132
130 133
130 135
130 137
130 138
130 139
130 140
130 141
130 144
130 145
130 146
130 147
130 149
130 156
130 157
130 158
130 159
130 166
130 169
130 173
130 180
130 182
130 183
130 188
130 195
130 199
131 132
131 136
131 137
131 141
131 142
131 149
131 151
131 153
131 154
131 155
131 157
131 162
131 163
131 165
131 166
131 169
131 170
131 177
131 183
131 189
131 190
131 191
131 192
131 198
132 133
132 134
132 135
132 137
132 138
132 139
132 142
132 145
132 146
132 147
132 148
132 149
132 150
132 151
132 155
132 156
132 157
132 159
132 161
132 162
132 163
132 166
132 168
132 172
132 179
132 183
132 185
132 197
133 140
133 141
133 143
133 149
133 153
133 155
133 156
133 157
133 162
133 163
133 167
133 168
133 170
133 171
133 173
133 183
133 185
133 186
133 187
133 190
133 192
133 193
133 199
134 138
134 144
134 145
134 146
134 149
134 156
134 158
134 161
134 162
134 164
134 165
134 169
134 178
134 184
134 190
134 194
134 200
135 137
135 138
135 139
135 140
135 142
135 143
135 150
135 151
135 152
135 154
135 155
135 159
135 161
135 162
135 163
135 165
135 168
135 170
135 171
135 174
135 179
135 182
135 189
135 191
135 196
135 198
135 199
136 140
136 141
136 143
136 144
136 147
136 149
136 150
136 151
136 152
136 153
136 156
136 157
136 161
136 162
136 164
136 165
136 167
136 170
136 180
136 182
136 183
136 193
136 197
136 200
137 138
137 140
137 143
137 149
137 150
137 156
137 163
137 165
137 166
137 167
137 168
137 169
137 170
137 172
137 173
137 176
137 178
137 181
137 185
137 188
137 189
137 194
137 197
137 199
138 139
138 140
138 144
138 151
138 158
138 160
138 164
138 166
138 167
138 170
138 172
138 176
138 193
138 195
139 141
139 142
139 143
139 147
139 148
139 150
139 151
139 152
139 153
139 157
139 160
139 161
139 165
139 168
139 170
139 180
139 183
139 188
139 192
139 193
139 196
139 199
140 145
140 148
140 150
140 152
140 153
140 156
140 158
140 159
140 160
140 162
140 163
140 168
140 173
140 177
140 178
140 182
140 184
140 185
140 190
140 191
140 195
140 196
140 197
140 199
141 145
141 148
141 149
141 150
141 153
141 154
141 156
141 157
141 158
141 161
141 162
141 164
141 165
141 166
141 173
141 177
141 182
141 184
141 188
141 189
141 190
141 192
141 194
141 196
141 197
142 143
142 144
142 147
142 149
142 153
142 156
142 159
142 161
142 163
142 165
142 166
142 172
142 176
142 186
142 187
142 188
142 191
142 193
142 197
142 199
142 200
143 144
143 146
143 147
143 148
143 149
143 150
143 152
143 153
143 156
143 158
143 162
143 165
143 166
143 169
143 174
143 177
143 178
143 183
143 185
143 186
143 191
143 192
143 193
144 148
144 153
144 154
144 155
144 162
144 165
144 167
144 168
144 170
144 171
144 172
144 173
144 175
144 180
144 181
144 183
144 198
144 199
145 147
145 148
145 149
145 150
145 151
145 152
145 153
145 154
145 157
145 160
145 162
145 164
145 166
145 170
145 171
145 173
145 174
145 180
145 182
145 185
145 188
145 194
145 197
145 199
145 200
146 148
146 149
146 151
146 152
146 156
146 160
146 162
146 163
146 165
146 166
146 167
146 169
146 170
146 171
146 172
146 173
146 174
146 178
146 183
146 185
146 199
147 150
147 151
147 155
147 156
147 157
147 158
147 161
147 163
147 165
147 166
147 168
147 169
147 170
147 177
147 180
147 195
147 196
147 198
147 200
148 149
148 150
148 152
148 160
148 161
148 162
148 163
148 165
148 166
148 167
148 171
148 177
148 179
148 180
148 185
148 187
148 193
148 196
149 153
149 163
149 164
149 166
149 172
149 177
149 193
149 194
149 197
149 200
150 151
150 152
150 155
150 157
150 158
150 159
150 161
150 164
150 165
150 167
150 168
150 180
150 181
150 186
150 194
151 152
151 153
151 154
151 155
151 156
151 161
151 162
151 167
151 168
151 170
151 171
151 174
151 181
151 182
151 185
151 187
151 188
151 189
151 196
151 198
151 200
152 156
152 163
152 165
152 167
152 169
152 170
152 171
152 179
152 183
152 184
152 186
152 189
152 194
152 196
153 156
153 157
153 159
153 160
153 161
153 163
153 166
153 168
153 170
153 175
153 179
153 180
153 183
153 189
153 191
153 192
153 197
154 156
154 157
154 164
154 169
154 170
154 175
154 176
154 179
154 183
154 185
154 189
154 197
154 199
155 156
155 162
155 164
155 165
155 167
155 168
155 170
155 174
155 184
155 186
155 190
155 199
156 157
156 158
156 161
156 164
156 165
156 166
156 167
156 169
156 172
156 173
156 181
156 183
156 188
156 197
157 160
157 163
157 172
157 176
157 185
157 187
157 189
157 192
157 196
157 199
158 160
158 161
158 165
158 167
158 168
158 169
158 170
158 176
158 179
158 180
158 182
158 191
158 193
158 194
158 195
159 160
159 161
159 162
159 164
159 166
159 167
159 169
159 170
159 173
159 176
159 178
159 183
159 185
159 191
159 194
160 164
160 169
160 170
160 173
160 178
160 187
160 190
160 192
160 195
161 163
161 164
161 166
161 170
161 174
161 186
161 187
161 200
162 166
162 167
162 169
162 170
162 171
162 172
162 175
162 179
162 186
162 193
162 196
162 197
163 164
163 166
163 167
163 169
163 172
163 179
163 184
163 188
163 193
163 197
163 199
164 168
164 169
164 171
164 179
164 185
164 188
164 190
165 166
165 168
165 171
165 179
165 180
165 181
165 185
165 186
165 189
165 190
165 193
166 167
166 168
166 170
166 175
166 176
166 177
166 185
166 186
166 192
166 196
166 197
166 199
167 168
167 170
167 172
167 178
167 182
167 183
167 184
167 192
167 194
167 196
167 198
167 200
168 170
168 178
168 184
168 187
168 190
168 195
168 199
169 170
169 171
169 175
169 177
169 178
169 182
169 185
169 186
169 188
169 193
169 196
170 171
170 175
170 176
170 182
170 185
170 187
170 191
170 193
170 195
170 197
