3 2 10
5 5
1 0
1 0

4 4 5
20 10 30
2 0
1 5
2 40
1 52

100 1000 10
530 650 140 210 780 170 210 910 230 290 1000 180 850 1000 660 310 650 130 600 470 960 440 860 930 620 140 140 100 370 100 970 910 130 450 100 160 40 600 630 540 320 200 910 610 980 350 270 240 870 520 370 300 260 230 600 880 920 160 140 290 260 390 40 280 310 220 720 780 110 330 300 120 560 550 800 130 990 360 430 890 530 370 880 640 470 520 220 140 890 650 730 860 380 100 490 760 210 700 50 
1 86
2 96
1 126
2 195
1 197
2 270
2 355
1 400
2 443
1 470
2 470
2 488
2 585
2 671
1 697
2 793
2 829
2 858
2 873
1 963
2 1061
2 1093
1 1163
2 1196
1 1206
1 1245
2 1300
2 1312
2 1393
2 1442
1 1465
2 1524
2 1603
2 1635
2 1705
1 1747
2 1843
2 1920
2 1955
2 1956
1 2021
2 2040
1 2052
1 2145
2 2244
1 2270
1 2300
2 2316
2 2361
1 2447
1 2517
2 2601
2 2623
2 2696
1 2787
1 2815
1 2884
2 2924
2 2953
2 3049
1 3083
1 3093
2 3131
1 3175
2 3250
2 3344
1 3425
2 3518
1 3565
2 3636
1 3666
2 3672
1 3708
1 3777
2 3804
1 3890
1 3969
1 3988
2 4021
1 4103
2 4127
2 4160
1 4194
1 4274
1 4277
1 4284
2 4341
1 4380
2 4443
1 4469
1 4559
1 4635
2 4641
1 4719
1 4815
2 4909
1 4982
2 4994
2 5051
1 5079
2 5176
2 5247
2 5308
2 5377
2 5420
2 5457
1 5550
2 5583
1 5587
2 5627
1 5706
2 5770
1 5866
1 5876
2 5967
2 6003
1 6050
1 6092
2 6103
1 6127
2 6201
2 6203
2 6216
2 6218
1 6303
2 6364
2 6380
1 6456
2 6552
1 6645
1 6737
1 6737
1 6795
2 6820
1 6876
2 6907
1 6922
2 6966
1 7015
2 7113
2 7117
2 7147
1 7232
2 7297
1 7379
2 7445
2 7520
1 7569
1 7589
2 7670
1 7726
1 7739
2 7819
2 7914
1 7948
2 7977
2 7985
2 8051
2 8146
2 8159
1 8207
2 8216
2 8219
1 8285
1 8371
1 8404
2 8491
1 8502
1 8525
1 8615
2 8665
2 8725
2 8728
1 8740
1 8745
1 8835
2 8848
1 8932
2 8967
1 9047
2 9083
2 9109
2 9118
2 9146
1 9193
2 9274
1 9319
2 9416
1 9470
2 9472
1 9513
1 9581
1 9604
2 9673
2 9723
2 9725
2 9802
1 9858
2 9866
2 9913
2 9941
1 10028
2 10056
1 10150
2 10204
2 10236
2 10317
1 10386
2 10427
1 10489
2 10566
1 10651
2 10732
2 10748
2 10830
1 10835
1 10855
1 10917
1 10928
1 10988
1 11018
1 11060
2 11091
2 11098
1 11148
1 11244
1 11305
1 11335
1 11430
2 11468
1 11537
2 11600
1 11695
2 11786
1 11800
1 11808
2 11888
1 11978
1 12027
2 12096
1 12102
2 12123
1 12137
2 12197
2 12216
2 12221
2 12251
2 12318
1 12375
1 12408
1 12491
2 12518
1 12544
1 12599
2 12646
1 12690
2 12705
1 12755
2 12780
2 12819
2 12892
2 12985
2 13062
2 13102
2 13161
2 13235
1 13276
1 13312
2 13325
2 13398
2 13481
1 13512
1 13590
1 13651
1 13729
1 13770
1 13844
2 13884
1 13892
1 13947
1 13992
2 14017
2 14106
2 14144
2 14147
2 14185
2 14227
2 14313
1 14392
2 14411
1 14494
1 14518
1 14552
1 14559
2 14564
2 14632
2 14724
1 14773
1 14857
1 14936
1 15002
2 15099
1 15179
1 15206
1 15284
1 15353
2 15392
2 15399
1 15420
1 15499
2 15523
1 15622
1 15691
1 15738
2 15795
1 15856
1 15952
2 15968
2 15995
1 16065
2 16088
2 16175
2 16209
1 16227
1 16231
1 16290
1 16372
1 16399
1 16490
1 16565
1 16571
2 16628
2 16684
2 16704
1 16737
2 16782
2 16786
1 16800
1 16816
1 16853
1 16927
1 17010
2 17026
2 17101
2 17168
1 17257
1 17353
1 17365
1 17373
2 17452
1 17468
2 17487
2 17575
1 17668
2 17699
1 17783
1 17868
2 17928
1 17984
2 18041
1 18071
2 18132
2 18156
1 18173
2 18214
2 18284
1 18346
1 18442
2 18506
2 18520
1 18536
1 18545
1 18564
1 18623
1 18706
1 18795
2 18835
2 18890
2 18970
1 19001
1 19060
1 19077
2 19124
2 19141
1 19187
1 19226
1 19269
1 19293
1 19306
1 19333
2 19356
2 19429
1 19500
1 19558
2 19567
2 19623
2 19630
1 19631
1 19666
2 19690
2 19749
2 19841
2 19912
1 19988
2 20083
1 20146
1 20203
1 20263
1 20349
2 20387
1 20466
2 20531
2 20561
1 20562
1 20582
2 20651
1 20708
2 20735
2 20778
1 20844
1 20856
1 20899
2 20940
1 20994
1 21046
1 21082
2 21158
1 21164
1 21167
2 21209
2 21298
2 21325
1 21342
2 21434
1 21450
1 21487
1 21559
2 21585
1 21607
2 21646
2 21724
2 21815
2 21818
2 21834
1 21929
1 21988
2 22043
1 22124
2 22127
1 22128
1 22224
2 22306
2 22380
2 22395
2 22442
1 22535
2 22628
2 22628
1 22703
2 22703
2 22801
2 22842
2 22939
1 22975
1 23004
2 23035
1 23108
1 23127
1 23213
1 23272
1 23368
1 23466
1 23484
2 23579
2 23583
2 23585
1 23679
2 23775
1 23789
2 23833
2 23882
1 23968
2 24030
2 24107
1 24155
2 24219
1 24292
1 24365
1 24365
2 24374
1 24410
1 24416
2 24454
1 24492
2 24584
2 24640
1 24710
1 24798
2 24842
2 24842
2 24870
2 24951
2 25041
1 25076
1 25105
2 25197
1 25232
1 25297
2 25325
2 25334
2 25384
2 25476
1 25537
1 25557
2 25625
1 25701
2 25733
1 25788
2 25856
2 25872
2 25968
1 26013
2 26110
2 26128
1 26176
2 26192
2 26193
1 26216
1 26256
1 26299
2 26387
1 26450
2 26493
2 26591
1 26652
1 26684
2 26753
1 26802
2 26890
2 26979
1 27015
2 27071
2 27097
1 27159
2 27258
1 27341
1 27377
1 27386
1 27482
2 27520
2 27549
2 27580
1 27628
1 27723
1 27821
2 27850
1 27885
2 27936
1 27936
1 27953
1 28046
2 28048
2 28058
2 28100
2 28173
1 28199
1 28229
1 28259
1 28346
1 28368
1 28424
2 28523
2 28595
2 28628
2 28704
2 28799
2 28836
1 28906
2 28913
1 29002
2 29011
1 29048
2 29102
1 29128
2 29192
1 29247
2 29318
2 29353
2 29407
1 29488
2 29569
2 29640
2 29694
1 29761
1 29769
2 29816
1 29902
1 29962
2 30056
1 30082
1 30091
2 30153
2 30162
1 30240
2 30265
1 30318
2 30399
2 30477
1 30526
1 30623
2 30672
2 30699
2 30729
2 30803
2 30846
2 30887
1 30889
1 30919
1 31005
1 31085
2 31159
2 31161
2 31163
1 31194
1 31241
1 31331
1 31369
1 31397
2 31454
2 31545
2 31618
1 31703
2 31721
1 31733
1 31787
2 31856
1 31951
1 31988
1 32022
2 32073
2 32141
1 32197
2 32269
2 32307
1 32393
1 32411
1 32442
1 32519
1 32552
2 32618
1 32646
2 32664
1 32694
1 32782
1 32828
2 32850
1 32882
2 32882
1 32957
2 32979
2 33038
1 33040
2 33123
2 33141
2 33141
1 33171
2 33263
2 33289
2 33339
1 33379
2 33408
1 33500
2 33578
1 33654
2 33706
2 33788
2 33833
2 33879
2 33928
1 33951
1 34043
2 34068
2 34087
2 34111
1 34192
1 34268
1 34310
2 34311
1 34408
2 34421
1 34506
2 34584
1 34677
2 34754
1 34787
2 34810
2 34847
2 34867
2 34938
1 35020
1 35084
2 35102
2 35105
1 35163
2 35209
2 35228
1 35264
2 35318
2 35381
2 35428
2 35525
1 35529
2 35594
1 35684
2 35707
1 35728
2 35804
2 35852
2 35951
2 36009
1 36101
1 36102
2 36117
1 36185
2 36226
1 36309
2 36351
2 36422
1 36478
1 36489
2 36560
1 36630
1 36641
1 36697
2 36730
1 36775
1 36817
1 36827
1 36842
1 36850
2 36869
2 36954
1 36956
2 36999
1 37079
1 37089
2 37111
2 37183
1 37247
1 37303
1 37320
1 37399
2 37413
1 37426
1 37505
1 37541
1 37572
2 37599
2 37631
2 37665
2 37734
2 37758
1 37790
1 37867
1 37958
2 38019
2 38029
2 38083
1 38145
1 38176
2 38258
1 38336
1 38393
2 38407
2 38476
1 38565
2 38590
2 38685
1 38762
1 38792
2 38853
1 38883
1 38892
2 38974
1 39040
1 39101
1 39115
2 39152
2 39239
2 39255
2 39259
2 39278
1 39303
1 39381
2 39445
1 39446
2 39447
2 39503
2 39566
2 39578
1 39639
1 39663
2 39696
2 39736
2 39747
2 39843
2 39940
2 39984
2 40009
2 40104
1 40185
2 40257
2 40303
1 40344
2 40421
1 40472
2 40538
2 40594
1 40665
2 40674
1 40711
1 40727
1 40751
1 40771
1 40821
2 40822
1 40918
2 40969
1 40974
2 41042
1 41068
2 41078
1 41161
2 41180
2 41190
2 41195
1 41267
1 41332
1 41332
2 41354
1 41424
2 41439
2 41496
2 41517
1 41561
2 41647
2 41677
2 41745
1 41788
2 41797
1 41833
1 41917
2 42014
2 42098
1 42114
1 42148
1 42231
2 42286
1 42363
2 42440
2 42447
1 42481
1 42528
2 42622
2 42711
2 42753
1 42762
2 42802
2 42855
1 42945
1 42974
2 43004
2 43066
2 43116
2 43135
2 43149
1 43197
1 43274
1 43351
2 43448
1 43486
2 43525
1 43525
1 43607
2 43671
2 43747
2 43794
1 43886
2 43888
1 43899
1 43936
2 43944
2 43952
1 44008
1 44029
1 44091
2 44183
1 44265
1 44289
1 44297
1 44392
1 44491
2 44528
1 44574
2 44588
1 44659
1 44701
1 44781
2 44838
2 44842
1 44875
2 44955
2 45023
2 45086
1 45153
2 45213
1 45277
1 45339
1 45392
2 45467
1 45503
1 45550
1 45590
2 45610
1 45642
2 45647
1 45679
1 45718
1 45727
2 45749
1 45773
2 45795
1 45830
2 45844
1 45917
1 45951
2 45963
2 46022
2 46039
1 46044
1 46060
1 46101
2 46170
1 46234
2 46234
1 46313
2 46346
2 46413
2 46416
1 46455
2 46456
2 46537
1 46555
2 46622
2 46649
1 46662
2 46755
1 46814
2 46903
1 46933
1 47015
1 47109
1 47148
2 47238
1 47271
1 47303
2 47402
1 47497
2 47519
2 47602
1 47636
2 47733
1 47817
2 47907
1 47964
1 47993
2 48012
2 48064
2 48131
1 48205
2 48222
2 48275
1 48318
2 48338
2 48393
2 48420
1 48473
2 48493
2 48582
2 48615
2 48676
2 48688
1 48751
1 48778
2 48873
1 48912
1 48972
2 48993
2 49079
2 49159

